time,x,y,z,phi,theta,psi,x_velocity,y_velocity,z_velocity,phi_velocity,theta_velocity,psi_velocity,rotor_speed1,rotor_speed2,rotor_speed3,rotor_speed4
0.06,-1.1325648890133816e-05,1.0201792654019119e-05,10.005601334021675,0.002634686138086373,0.0029100901498839704,0.0,-0.0006916186824325793,0.0006235638628088681,0.18669781957608012,0.016621435162404948,0.0175257048952148,0.0,462.9380458738173,464.3146968578879,462.90696547513346,464.21277012022375
0.12000000000000001,-0.00012449084146123028,0.00011081646668602644,10.021561905678848,0.0036320906894422578,0.004332208500731127,0.0,-0.0032466858996580807,0.002840552098472422,0.3452850681498063,0.016627342598126118,0.00955004096813594,0.0,455.3231847060728,454.68467290035096,455.32816600024046,455.3285461870482
0.18,-0.0004265612272735895,0.00040890550726895383,10.043583407737643,0.01967354691981882,0.011929822003008184,0.0,-0.007507651860365737,0.00863853354184875,0.38873209058492963,-0.027077907943529808,0.037408426578112004,0.0,417.1823546031578,419.6074377224517,420.94766285665077,417.1491005667864
0.23999999999999996,-0.001138047298914642,0.0013191104373574216,10.069352414206415,0.018828287268209287,0.01727807074803067,0.0,-0.016759603083716913,0.021608481950115097,0.4701982843080951,-0.01853275236781578,0.016872057897757732,0.0,432.525214698677,430.7928483423011,430.4076614575683,431.1300387597281
0.3,-0.002603733107635607,0.003142921177006921,10.106021431033877,0.025662636186105203,0.019239263088761227,0.0,-0.03233470927739713,0.040104836479864264,0.7519354088500287,-0.05063592290723473,0.026409983803525425,0.0,491.10268066837244,491.8094604415703,492.8503727950233,490.47200334988884
0.36000000000000004,-0.005108888389334864,0.006209105961957533,10.159685648442228,0.023144888756307047,0.03230474061531474,0.0,-0.05281014568960686,0.0617603427091047,1.036626458171211,-0.043843092176471664,0.062346642512455024,0.0,491.76418143518924,494.4192622268602,492.21632080337207,492.7175149032812
0.4200000000000001,-0.00895062839757423,0.010375249849940413,10.224544031441445,0.02057845099906963,0.03649827939454475,0.0,-0.07567469913209236,0.07684932760606908,1.1252264634204532,-0.042020365983837626,0.053678382001512,0.0,433.761257181174,433.0353727963432,435.6123044342912,435.76359959354795
0.48000000000000015,-0.014269570047568842,0.015434012537162079,10.295075864879633,0.026923195135687195,0.0428502228947476,0.0,-0.10224965973394833,0.09238879842884283,1.2256916579993935,-0.010580721865109213,0.07189940036631032,0.0,437.1497744442866,438.66789755556084,437.88977872808687,440.49665159570503
0.5400000000000001,-0.021325532979519033,0.021547369638808562,10.372016024365607,0.027933822519862872,0.047295474947845584,0.0,-0.13341171873303112,0.11147696956891964,1.338828435309373,0.0023223710979098037,0.06655221803650248,0.0,442.6609744134468,442.22455890719664,442.7530653709229,443.8133550409548
0.6000000000000002,-0.03025299562779299,0.028772429513262032,10.453871067608755,0.02808108115296104,0.05128323548440328,0.0,-0.16454614325455824,0.12937209837369493,1.3895906098871245,-0.0004234708981519147,0.0662441501222979,0.0,423.49834423864036,423.4753748746849,422.9312519326129,422.69468065385644
0.6600000000000003,-0.04114307808555287,0.03708585425856029,10.539103353424055,0.028822447178651345,0.05531832595650954,0.0,-0.19884632654482928,0.14782050009657277,1.451382069491768,-0.011290527303135732,0.06209521525794095,0.0,427.212460741056,426.8618693095243,427.3288756966387,426.4016801104872
0.7200000000000003,-0.054147224914988065,0.04650322186719896,10.627429346595449,0.02964202384813941,0.06295451967123711,0.0,-0.23531695076886228,0.16617836137216552,1.4927165945167584,-0.025947209453123336,0.08259038461568306,0.0,419.4492304147551,421.22913057418475,421.2409599771733,419.9717776688829
0.7800000000000004,-0.06999198901061349,0.057238110714960704,10.725247895428797,0.028743113430714118,0.0811122959848003,0.0,-0.29519142010352983,0.19153191384563564,1.7673445576699796,-0.03611343993479249,0.041568834013847304,0.0,493.3318080942235,490.29700265657436,492.6440793970521,491.89169623492637
0.8400000000000004,-0.08955913064684584,0.06938395800041866,10.83629524793242,0.029784719162474715,0.08389712463458388,0.0,-0.35733284701607926,0.21341587599728998,1.9339272285287534,-0.017655251726773027,0.04639557387170947,0.0,461.5133305161239,461.89507549441714,460.5133559965817,461.970719934415
0.9000000000000005,-0.1122789203541401,0.08263525135998777,10.949756445476508,0.029159197275784976,0.08726697029304997,0.0,-0.4002544628128686,0.22824493407865024,1.8482293311089355,-0.011541249021711074,0.0536672468339715,0.0,377.8923255338349,378.5945311720005,377.92605154952025,378.5149212606509
0.9600000000000005,-0.13804985967146904,0.09690612780458935,11.062877852996575,0.028461896187931046,0.09060772121315264,0.0,-0.45910275334975065,0.24737669046702493,1.9223224543601394,-0.011813419306888916,0.04847612881245185,0.0,433.5878185989642,433.1533283289276,432.6821938465257,432.65940050529707
1.0200000000000005,-0.1677866669815178,0.11242714895917298,11.18440036146514,0.028909296419915798,0.09536472953943687,0.0,-0.5326381925099228,0.2700172353429534,2.1279964308784076,-0.0011734428355656204,0.06221750034617406,0.0,473.26627748914177,474.32435689183615,473.68390994292525,474.50149209138505
1.0800000000000005,-0.2024420466598093,0.12943688206885112,11.322342913283133,0.029652350640737346,0.09923311996680706,0.0,-0.6230201044322952,0.2970408432492986,2.469330836297782,0.007579269901925522,0.056812192456797084,0.0,513.5588472447411,513.177381994936,512.8694373893277,513.4906569780572
1.1400000000000006,-0.24153009049451235,0.14776048863739702,11.469757081029321,0.030201958242049187,0.10461789489235418,0.0,-0.6803634968181681,0.31378819307820616,2.4444640169248237,0.009960081875031593,0.07105740651402213,0.0,402.27426581288427,403.56528687338505,402.8680433275271,403.083143875263
1.2000000000000006,-0.2848881223589305,0.16730243594377106,11.622405480446423,0.030815869306943355,0.11448092313592095,0.0,-0.766041734824253,0.3376651875215816,2.6432076958042536,0.006917080322505129,0.04390726674232116,0.0,476.26661172088444,474.188129392158,473.8452788689939,473.6111716232202
1.2600000000000007,-0.332909833204636,0.18809747777060076,11.780743636559812,0.03125815731376491,0.12866100805653335,0.0,-0.8359375015673014,0.35553304918099105,2.6345612917091654,0.007887706515575778,0.005465764432964412,0.0,412.1454164854033,408.7342428366525,409.52131485967203,409.60753626445927
1.3200000000000007,-0.38563800299730255,0.21004631942032245,11.940927836540808,0.03172442812367038,0.12950534395508395,0.0,-0.921733665695026,0.3761340147639922,2.7047031053606245,0.005912513088865544,0.012228618833978695,0.0,436.35085587757607,436.9149449203136,436.33614001569146,436.1711035064246
1.3800000000000008,-0.4443376017039947,0.23347600138208474,12.1113423035537,0.040939790925117236,0.13424551131883433,0.0,-1.0354150668604474,0.4060435429747895,2.9749285066997477,-0.027917401526594516,0.032987938082970375,0.0,496.59997289130195,498.1203061728094,498.3627749187895,495.88396461197107
1.4400000000000008,-0.5091310726838058,0.25863045419150305,12.291728959734924,0.03933957000176491,0.1369345090537184,0.0,-1.1246093798136907,0.4322748398324752,3.0377219410816707,-0.032345402076843624,0.04109404546291796,0.0,436.42422717632525,437.1008964234555,436.16470362952384,435.7944498787832
1.5000000000000009,-0.5796921836684787,0.28542881253512387,12.478460173462508,0.03828695670844873,0.13983631607611802,0.0,-1.2277107109745231,0.46085560996052916,3.1861488427135,-0.02315257439296518,0.03256035179189671,0.0,463.77067346613313,463.1005506187986,463.61949794674285,464.3410092696348
1.560000000000001,-0.656196324963125,0.3138286289556386,12.671538088348647,0.039031723820092346,0.15692780919425697,0.0,-1.3240090076096716,0.48587139628607584,3.2492746171476283,-0.040399853343831546,0.07399793133054704,0.0,436.5002504005598,439.9462708770199,439.02650802572475,437.59280288291035
1.620000000000001,-0.7393966107194121,0.3438869208121584,12.872283827347914,0.03783057791274036,0.16136450792422874,0.0,-1.4497716582223112,0.5159159278229951,3.4415197075129234,-0.053773097847132446,0.07176801732484847,0.0,479.05593037405407,478.8900824086871,479.6144147380265,478.5966002397375
1.680000000000001,-0.8299067497611459,0.3756328040796477,13.082409218608136,0.0354299050204645,0.16725627694680067,0.0,-1.5677903970501386,0.5420142112064361,3.562106528003535,-0.06499971483989107,0.08441398210739609,0.0,459.1875321049456,460.19402294573206,458.61261534971453,457.7178105370715
1.740000000000001,-0.9273666832422031,0.40883504243604435,13.298176873025493,0.03258158930289845,0.17454436280303742,0.0,-1.681544108247627,0.5644424043880923,3.6297282846098264,-0.07749796737092846,0.09959117465546118,0.0,443.2685368865214,444.52079433350895,443.6113059136695,442.5801083212885
1.8000000000000012,-1.0312748510777818,0.4432230559508735,13.514969221093324,0.028126967228511823,0.18460116221896516,0.0,-1.7829033919246364,0.5814528246682017,3.5965613625231514,-0.08368563791553389,0.12055353740258731,0.0,409.57757803459515,411.44885670479823,411.74460380647736,411.1911322559611
1.8600000000000012,-1.1418940438833702,0.478619843222305,13.732189755297046,0.023094534275727163,0.19256446563914675,0.0,-1.9051498313805997,0.5979494606729445,3.6437274142733136,-0.08459307704780125,0.1099160023509064,0.0,438.85158927524503,437.9801678550402,437.9844602932921,437.9030946576416
1.9200000000000013,-1.2605074815529318,0.5149655883921741,13.954751208730046,0.01839696587846973,0.2011435076686885,0.0,-2.0494572039248604,0.6130463526716851,3.7742457718809193,-0.07895230596652472,0.124192065817479,0.0,464.1775876271979,465.3077430282873,465.6872463957346,466.1230762126659
1.9800000000000013,-1.3880306929532895,0.5521356596695841,14.185371556940993,0.017492493745354665,0.21059328350500106,0.0,-2.2022275128797077,0.6258649868376299,3.912244144097725,-0.10163216334807584,0.13852287106609715,0.0,468.0173903514043,469.14581685874754,470.6984555439106,468.9340914147058
2.0400000000000014,-1.5255912437039172,0.5900847048124632,14.427213567527307,0.012577601248212389,0.22282647247427878,0.0,-2.384401014329335,0.638461243060242,4.1477701002456975,-0.09085756094167664,0.1590488543513171,0.0,499.22310599440516,500.73588115001235,499.2159852806898,499.99453949556164
2.1000000000000014,-1.6730065868837316,0.6285996397138205,14.677064893692252,0.008995166671556198,0.2348222395748678,0.0,-2.5305055116701727,0.6450159974360516,4.180033338168701,-0.0770340039493107,0.17504608708090766,0.0,440.32758131579186,441.67513675047667,439.7379671700918,440.87550199245976
2.1600000000000015,-1.8290374070214421,0.66742359915325,14.927174636781471,0.004364002235067055,0.24879527094911413,0.0,-2.6717262437719045,0.6487207885509338,4.1565359545531395,-0.078822917371013,0.15340299405193486,0.0,424.3022210145639,422.4683903274291,423.5776040399156,423.41859579202855
2.2200000000000015,-1.993977054348555,0.7063942383903512,15.176606194828269,0.0003567754996698369,0.2589324603221277,0.0,-2.82714801436416,0.64993733589654,4.157390232419178,-0.07063728508223927,0.16285106114573425,0.0,431.3330388753265,432.15428951505123,433.0274574171983,433.7108540110346
2.2800000000000016,-2.169021811810859,0.7453687142763773,15.428239838799582,6.280533417821772,0.26888779364022497,0.0,-3.00857647897107,0.6489039238901758,4.229578291568939,-0.059631556660746377,0.16650331252961512,0.0,456.5647461863334,456.8809492895191,456.516677859708,457.39089576075975
2.3400000000000016,-2.355056883239783,0.7842449864589023,15.683728042258409,6.283125315343597,0.28124525620811713,0.0,-3.193680333695247,0.6472521300144679,4.285810526446959,-0.08806826928140028,0.18219932424820626,0.0,453.3878532990746,454.67494958117703,454.31408591539787,452.024403018008
2.4000000000000017,-2.5526682688054096,0.8230700137519165,15.943256209989677,0.002570143779809797,0.2937730816128896,0.0,-3.3944735454919934,0.6471483716391305,4.36407006494474,-0.058428050856672145,0.19488859432725625,0.0,462.20039563058106,463.23172031952566,461.24557947309177,463.57613689289695
2.4600000000000017,-2.761804965330931,0.8619465567645266,16.20478568913957,0.009101586486549351,0.3087157191725005,0.0,-3.5779863608436284,0.6492695008508919,4.352818849034304,-0.02490230638910784,0.21347008408365686,0.0,434.6362203444547,436.23149370690857,434.7816473418539,437.5804455871831
2.520000000000002,-2.9822677176869643,0.90104198161415,16.465674367335048,0.008026987278194397,0.32388300834386285,0.0,-3.7720293221236147,0.6538046048931537,4.342654116801643,-0.018906222392497115,0.2291367053812153,0.0,436.98775728075873,438.34004858549224,437.99314377713483,438.49157036927215
2.580000000000002,-3.214674297732239,0.9403901604468015,16.725877001393886,0.007017610668172303,0.34320797834450456,0.0,-3.9764174520420585,0.6577027788837478,4.329736960409883,-0.01605168200467086,0.25383207884988473,0.0,436.8965036488794,439.0080747259252,440.04354167593556,440.2798792660743
2.640000000000002,-3.459241468658104,0.9799475280506461,16.983931283662656,0.006968112128754811,0.3618327018105285,0.0,-4.177270710222414,0.6608580405995419,4.271236689994261,-0.006712616370853745,0.2728495645109995,0.0,425.47162603323267,427.1681738207701,424.87552030057395,425.6757051036173
2.700000000000002,-3.7147357631595823,1.019665773066664,17.23457140408444,0.006620950883714727,0.38274737850548224,0.0,-4.340668064062619,0.6630588384380518,4.083176293730453,-0.00506453573082568,0.2482664103923042,0.0,379.8526017380828,377.5714679333562,380.7034387779807,380.8612308950699
2.760000000000002,-3.9813324835466584,1.0595322965568257,17.47638566151244,0.007698427731280155,0.39777615803343735,0.0,-4.54706757833736,0.6659085000978603,3.9767014172262667,-0.019195191662054155,0.25123356968337013,0.0,410.9608416176089,411.2915863493501,412.5603591989888,411.3106629745885
2.820000000000002,-4.262362824701229,1.0996101600526131,17.71596053472512,0.006581503374898823,0.4131879144365742,0.0,-4.821839939621576,0.669908126949502,4.007653602986746,-0.022764780574239085,0.2565105069503019,0.0,460.3609819007703,460.84016332365667,461.5357769823779,461.25395346490893
2.880000000000002,-4.559176431955263,1.1399027740036172,17.954931780378754,0.00975670720955435,0.4292043571154647,0.0,-5.07318677000725,0.6734078204853927,3.9569117181369653,-0.0005902376317810133,0.246559981996778,0.0,436.46470780754373,435.69906808442585,436.13314882546433,437.98170191208055
2.940000000000002,-4.870562458889834,1.1804300442235318,18.18896171851843,0.009736105046043164,0.44846885173890527,0.0,-5.3077650820678075,0.6774882025950187,3.8430842476387985,3.5102834896312367e-06,0.22216460642476274,0.0,418.0089770877535,415.93823640890685,416.3518069127271,416.4037709660128
3.000000000000002,-5.1961176577247485,1.2212014291861757,18.41560604191005,0.012002311873618332,0.46193977223655747,0.0,-5.545138437896829,0.6816940965461227,3.711013367203865,0.015337129886190747,0.22524898195291396,0.0,412.0440703204483,412.3703547480916,411.4500338310631,412.80555873682334
3.0600000000000023,-5.537958909852568,1.262297777388863,18.637814762073074,0.013593873169757131,0.47676742911439174,0.0,-5.850665278550186,0.688292214892139,3.6943515135178955,0.02319247040662666,0.21143917851590485,0.0,455.40122793492924,454.3421062003122,456.4358651837285,457.0623909645604
3.1200000000000023,-5.898170078460657,1.3038268707938807,18.85836665902553,0.020663694240995234,0.49013092259082747,0.0,-6.157326819752684,0.6965902987591831,3.655882989239956,-0.004138624972598225,0.2193317057420853,0.0,451.56982060507374,452.2505370578904,453.05631632561597,450.8529776504127
3.1800000000000024,-6.276189618846297,1.3459122736013045,19.074840347163487,0.020663008640598335,0.5039291945475144,0.0,-6.444342201602689,0.7062331536353336,3.558681682140614,-0.010920332669481277,0.22696466348669667,0.0,434.0968064987547,434.78697640139575,434.8327466359476,434.2642301106799
3.2400000000000024,-6.672713126844074,1.3886090305994605,19.28716931241751,0.020181341405545616,0.5177108427704811,0.0,-6.774053075052165,0.7169193511609059,3.5172387877258546,-0.016839074234794013,0.22117011531445713,0.0,457.558168381813,457.14523134168917,458.1801675886587,457.709389201655
3.3000000000000025,-7.08897921956297,1.4319206592069118,19.49621736186844,0.01923984062605477,0.5385888001929446,0.0,-7.10282492306579,0.7266812683878059,3.448891608495749,-0.014924418161420826,0.18973011110684648,0.0,454.02679864376114,451.5397523041226,452.37031857254016,452.5246007063246
3.3600000000000025,-7.525716745666019,1.4758295247408606,19.701589943934994,0.024142593131394108,0.5499606256029725,0.0,-7.455800506317453,0.7373224975355189,3.395079982227962,-0.0425295577081689,0.18845596923450966,0.0,461.89098153906326,461.8238383763065,464.2986489164843,462.1271873573863
3.4200000000000026,-7.982737771470873,1.520388442318148,19.901674062360417,0.02366650179342855,0.5635309643957642,0.0,-7.779157477410073,0.7478902513861796,3.272829429998815,-0.02790185594583634,0.17073202398560544,0.0,442.2051185311306,440.7748765005093,442.0714951442988,443.27480377519083
3.4800000000000026,-8.45878895937583,1.5655438655085439,20.09324407023322,0.021980693999549494,0.5746331378579521,0.0,-8.09008507652747,0.7571510208129366,3.1116116731569354,-0.02891031614240833,0.17975009956332716,0.0,430.9295177522348,431.7213736574428,430.92941492289197,430.8438968034396
3.5400000000000027,-8.957366930573516,1.6113474219115578,20.280438379054765,0.020328319566229602,0.6059160301260809,0.0,-8.530732433739452,0.7693937307978409,3.1238808792741173,-0.033473440055775884,0.22815911447577336,0.0,496.31032155851574,499.8845028629736,498.540296814332,498.20650133088515
3.6000000000000028,-9.480311783679731,1.6577704790585102,20.464163727021475,0.018952726569999356,0.6214217573772212,0.0,-8.901557544828924,0.7778936765651369,2.998088852070999,-0.02587711124955912,0.21214595928090282,0.0,458.3658173591163,457.1388080050633,458.5347663411289,459.1377135459465
3.660000000000003,-10.024239305493678,1.7046397098739503,20.637921170991543,0.018281496553931298,0.6360628282356373,0.0,-9.230258248635083,0.7843363650561447,2.7921819210327867,-0.016723080933710062,0.22614055876341874,0.0,431.8783488485698,433.10533561606616,432.79019177429774,433.5601718990533
3.720000000000003,-10.591597377231702,1.751977220448424,20.80371017158736,0.02073130179489624,0.6545742225140323,0.0,-9.682232067694276,0.7937220392823806,2.7306738885169075,-0.03831491143414394,0.20055471750086348,0.0,492.79960787521196,490.9461197630774,493.64672516736545,492.0503778636011
3.780000000000003,-11.182809491610369,1.799799407560352,20.960776528396213,0.018423405535172854,0.667097842467947,0.0,-10.025645286780893,0.8001886318479938,2.503173363791938,-0.038914867632859416,0.19158913598907273,0.0,437.1308505707561,436.42178400618275,437.542992018808,437.4922749248735
3.840000000000003,-11.795939852746354,1.8480045885348448,21.10526898071531,0.017065425773457932,0.6885393437477028,0.0,-10.412744380073889,0.806509644570621,2.3103605836033028,-0.02922147595710904,0.22495623861710803,0.0,454.8351254750588,457.53964358341085,456.30538761002083,457.07828790227745
3.900000000000003,-12.433874027773452,1.8965922498079437,21.23935122181098,0.015747791120957366,0.7056538350593389,0.0,-10.852100543806843,0.8129433077100336,2.1558763116423787,-0.037750939824553895,0.2446232240266169,0.0,477.9003172920253,479.4466253787354,479.61838846828465,478.9696295707916
3.960000000000003,-13.096187752596373,1.945498808010281,21.361121966609257,0.013634437361476515,0.7221075617039752,0.0,-11.225657930239274,0.8171291706455867,1.9007433530011542,-0.034518885989460686,0.2580708719847168,0.0,447.1194187079169,448.2757200953978,446.57467526075993,446.837727645645
4.020000000000002,-13.781558595156277,1.994636200213644,21.467675885551333,0.011670779357300098,0.7379830295705663,0.0,-11.620541070057165,0.8206508787560288,1.6484098701121002,-0.03950555244648995,0.263825385060009,0.0,454.70424806818454,455.2314635736144,455.8108786807823,455.41148201155335
4.080000000000001,-14.49004217086122,2.0439496253328726,21.55779571009524,0.009897502737562291,0.7581607121408434,0.0,-11.996081260696473,0.8230158998001258,1.3527676093590522,-0.03215663621864441,0.2854975672423645,0.0,444.65210145823636,446.49861164595944,443.9099378750432,444.51217964901514
4.14,-15.222458579717765,2.093399789886308,21.630971700434383,0.009726684110205497,0.7755733591096963,0.0,-12.418037350427747,0.825289214076457,1.0832480918004053,-0.04793317783988506,0.2902436852161029,0.0,464.24633408226396,464.69844026369583,464.7536281635125,463.51433002377684
4.199999999999998,-15.97983330287937,2.142969492988705,21.68689951697097,0.007072383235564139,0.8017011572653798,0.0,-12.827784732356315,0.8268851220523662,0.7771635811677876,-0.043837834621132284,0.32139932928590487,0.0,456.2137645357232,458.78477677706354,459.59689040148425,459.9202948697557
4.259999999999997,-16.764537230578284,2.1926361230080773,21.726334813231436,0.011145116307231362,0.8218146803700623,0.0,-13.328479721234311,0.8288254278243593,0.5328649760042008,-0.016651373306710952,0.3101476511833377,0.0,496.2338094167899,495.4986428441688,495.1506231423499,497.1469867820429
4.319999999999996,-17.574067717503116,2.2423916255523046,21.74550058106707,0.010575692956091842,0.8404381872013369,0.0,-13.656375988285928,0.8296472084229589,0.10349396106284639,-0.010571354039203246,0.3071558719740657,0.0,426.0114011006147,425.85750967417016,424.96533725571953,425.48654009608515
4.379999999999995,-18.405560501370452,2.292211159034234,21.740336557366344,0.012742021472607945,0.8596687671488477,0.0,-14.059943454890211,0.8310237460683836,-0.279111571751773,0.0066002143630784285,0.2960749242893654,0.0,457.631275842671,456.8391082017207,455.4518933737412,456.8239133854344
4.439999999999993,-19.258745832896647,2.3420883804528705,21.70937280185781,0.013208353231457082,0.8778581279178965,0.0,-14.380038281299258,0.8315219395375149,-0.7556118606785477,0.00854319719463575,0.3021136269159345,0.0,421.1906045603648,421.8085131080285,421.77136930128694,421.9391249071814
4.499999999999992,-20.133466805850876,2.39202095497103,21.651125924100786,0.022595437720713818,0.900692713315693,0.0,-14.776753266502284,0.833034958016576,-1.1899032123451208,0.039998597675902324,0.2771129821291411,0.0,454.4989553936507,452.5758652872838,451.134989513176,453.6690235127554
4.559999999999991,-21.0344240774789,2.442110689932402,21.568025872507278,0.025588078374031653,0.9246944214584492,0.0,-15.25376067509041,0.836585808923718,-1.5851680272683744,0.03027976144240387,0.2461381373357744,0.0,487.2394372571979,484.9823989754175,485.1069877424896,484.37680526996263
4.6199999999999894,-21.957181008274585,2.4922754427352816,21.45530367800152,0.03124863871522443,0.93995824012993,0.0,-15.505820722754413,0.8355041030790314,-2.174398297824702,0.05058987504124079,0.2527407654967352,0.0,397.7773288703227,398.4515174859356,398.17088332733147,400.02665668173876
4.679999999999988,-22.89618031939674,2.5423805172729406,21.30744379515706,0.03473133117127958,0.9598162236967793,0.0,-15.794278484923138,0.8345611569959782,-2.757267570795727,0.05681363222872715,0.22777637208013335,0.0,412.62395217440866,410.47803275314664,412.26021025940594,412.81214242040113
4.739999999999987,-23.85820743269102,2.59254854253271,21.12795033182177,0.042389345142393786,0.9817433034603908,0.0,-16.271498642077667,0.8376276034124639,-3.2311115061185913,0.03300044102453446,0.19506774611256888,0.0,486.0821427126637,483.6658840482428,485.26797662726733,483.4775223035768
4.799999999999986,-24.842875230142543,2.6427159915873704,20.915228550452355,0.04437086151800429,0.9936949081656365,0.0,-16.55184860048185,0.8344762458506799,-3.8623891000417383,0.03052781594678049,0.19944744923694976,0.0,412.77534672461707,413.20286244328616,414.2274025983019,414.01022758708496
4.859999999999984,-25.8445892570899,2.69266360492395,20.66405452442104,0.04658010578903671,1.005699663862531,0.0,-16.839651598247208,0.8302727256967715,-4.51313237862465,0.03616501023752362,0.19579819675104193,0.0,413.60948543207775,413.329441345713,413.6488453451165,414.1457664892843
4.919999999999983,-26.86630842780343,2.742396916228577,20.374792067384043,0.049175340081627716,1.0175772981488658,0.0,-17.217889708324453,0.8272841835265278,-5.132974386976663,0.02772050848042505,0.19047230187670738,0.0,446.9547296642655,446.55673191925564,446.0946890711879,445.40463288969306
4.979999999999982,-27.912987054480595,2.791969650946785,20.04887080294086,0.06322202748439842,1.0313002688204893,0.0,-17.670526688122642,0.8247946461950707,-5.73609422669995,0.06508784024135594,0.1726338031656309,0.0,474.4968851350122,473.15544731215937,470.6089238987982,473.4948815916523
5.0399999999999805,-28.98623636680634,2.841298760474455,19.68548217031903,0.06712460013060895,1.0416465227580547,0.0,-18.104411353000142,0.8191344198030553,-6.38169776468682,0.06283048910703691,0.17125987024999537,0.0,467.97410220867937,467.89391535415183,467.7890958359496,467.6159818032718
